6493331392
6216526184
2054786893
9403263240
7343826424
6825445879
8265659619
4645219150
2175819728
5124823912
5633657949
4922602680
4679807033
9542411898
9383687680
5456945321
2274198872
7415658576
9584664196
3968344871
8084625810
4578580648
2432995608
5412430360
2033935287
4516419302
5379548857
9072109158
7386641365
5557888446
4155476813
7639929896
5843915623
4842482325
8412168509
8747379970
6846126427
6905039454
8622747750
4464555783
4137231888
3713604271
4466721592
9347563503
4832798855
8882650317
4734904071
2386046275
7943110683
4369262967
7413417936
2522693408
8602052860
6523726114
9498428044
9194293004
7246926366
4658966443
8036574821
5412878119
2435325518
3295508004
8683461470
5155583478
6473065447
9907767383
8424950370
3726900130
8098614619
9859877301
6564239805
3337481009
2564578619
8723173371
6488496800
8613039447
7847809838
2002510266
8316006311
2325575017
3875486983
5032161112
8512763957
3293680791
3468822417
2762918090
6385566058
7372101502
6244991766
3262061950
3292116524
2499451085
2419952991
7569637811
7034611081
5152299505
2519193499
9989676893
2983352714
8732469158
8093311923
6624896098
8424309675
4369501565
7346680540
8307360665
3657939408
3203679429
5136894560
6758982848
2168554877
3663186361
6126072817
2205091478
6246959894
6119895935
8584342194
3275207892
7062321356
2178633126
6066700961
6732067371
8456700057
4992888991
5464829728
5898463223
4553866867
7697505676
4202711515
5928919067
5229918051
9349260038
6786769435
9639118779
8499091668
2635013511
7367429624
6213034921
6738937214
2234883410
3228850549
8704360390
8312444471
3294522753
7824357329
5674250138
9033815937
2836523641
3592053931
7339813497
2604283861
3728122463
5466348282
2338439731
6735684393
9956888606
2546642294
2766951914
2302634629
2286950941
3699101822
3319025294
5656776509
7076478559
8963266225
9568064599
4709838966
3657859598
3464636951
6347596080
9317978402
6708255184
3135259109
6102018024
7612344969
3155408072
7769512835
5648463188
8652918710
3186907785
7746995353
5029328189
8067270082
5954897324
2446477346
2984466480
9304407799
5632241725
2155042744
8744804270
8747185964
7178198321
2475780915
6632044515
5867243818
6284097705
4569583980
4889341295
5744330166
3142008793
7303188477
9048843284
6014461145
7998257489
3572357257
6943526409
8586525929
7408376234
5203029731
2968470568
5587095072
2193224446
7639483460
3414054518
3388964130
2673380314
9835693849
6538546365
5613423163
6344009546
9485621985
2583635147
7784008243
9745603249
9385339767
4092630294
7522423645
4675659849
6422253343
5375293269
9694535166
7109583241
3605606445
9396383656
2063001500
3607809921
8874281269
8203045263
2584870086
3737808176
9517114799
3562327452
5176533659
8699383009
6655966983
2999004097
7768658527
2332313162
9784894639
2914558286
8552621995
2668470413
6655857549
9334436705
4532451397
8608281747
8193990838
5875555698
7555808867
3942965369
7779284291
6524214279
5578122817
8705652493
4452725551
2892427479
4149575497
7639628730
2728286597
7988098630
2327414744
4478840018
3516936179
6552459082
2725174476
9506499614
3645951572
2745751282
8209301171
2134387524
8865368851
6353321523
9134860094
3419319787
8476751285
5467889653
5979064799
5168439538
3398733365
5949690815
2767718662
5144547077
6736153807
6098971155
4219580917
3204852542
8115989964
5427118170
9423883897
5239740580
9092971158
3938078832
4946352323
5554243591
3895225653
8635991545
5712788910
8805705340
7658737726
9804122560
5954604121
7223256166
9347663169
7412892282
8766960202
5345936403
9152852314
2924282680
4867208424
6959279348
8214432654
6518898758
6236706777
8053255038
8744181685
5354547374
5006218400
6792708333
2267138369
3204354318
7392351116
9167429224
2713550108
8524351576
4688127183
7499906945
8435992221
3884034934
9435136756
3415774506
6937785834
6968799887
3273069230
3115239689
8995459425
2814044522
5134180380
5923586843
4342839186
3208572649
7988055882
4588191445
6556195802
8802982457
4617787032
4253059035
6434511534
8523226127
6894835459
6395600580
7638760417
9262353681
3865244591
2613292756
7446667055
2387525649
7749309718
9384315880
8109444597
9796867300
4242494522
2334221592
5394744296
7259527345
5047359282
8235961432
2422136709
6535576330
7689153849
6524426431
8036272080
4074468026
4462885943
2055749056
4033275583
4989721123
2486536617
7422537861
7222197264
8643245367
6376031520
5837691526
3644939872
6624549850
3827117930
3266243487
2393500369
2984777976
3774226065
6875285217
5967283892
3303286021
9675417368
7733695605
3956276315
4696312239
2929971959
9702740603
9919300523
4837092594
4389714354
6584789909
4334679008
7838959546
7842903829
2315378279
8862682905
4909170093
6595871076
5926330318
3346436888
6214073720
2408914673
6168551009
5915516663
4928732932
8482725917
3767285031
9196250377
6295838064
9498669885
9387014001
7303674957
5382286071
6526866731
4608428441
6754602137
3672730437
7656398111
6266267065
2774563285
7076004513
9282873139
5124136893
8212450766
3314223515
2683181399
6977467785
3885271837
2696090461
2537992541
5413811973
7263511012
4295461091
2743728736
4968372115
7982562576
5692587047
2336144406
7169253600
9039345599
7098493582
2342718675
6473357437
5586884288
4583945042
5224599096
3706763572
3119709002
2767288893
8786048790
8688743719
9278484154
9523128599
2254220526
8967838464
4473004784
9243571119
8887050639
6308021537
3936888315
8734252126
7633560666
3856696335
6943419563
5328331498
5789642002
8625049132
4648506591
9072625085
6722370953
3392661496
2094560808
4279990111
4963970487
9345801052
8367996340
4384167681
3177074501
4979170754
7099500793
8293253109
8776416747
4253959856
3546297570
7224828571
3846467711
7684220693
2932875729
4897120238
3573090316
2878684099
6066906050
4099314620
9283554559
2183187157
8452271128
4694937787
8972095029
5609214490
3137504531
4962515768
5689726949
4783753185
4399302465
9178093419
8089162030
5687631386
4168902927
6329852186
9897593656
2737042789
7487163347
9907371859
5137164273
9017163885
4808523189
6413082406
8672655212
6917536475
3975771347
9305939496
5986907774
4753917508
4145696418
6615900591
6505869137
8105282498
9328432798
7197588219
5827975245
6327577686
7442466217
8024185386
2668573617
5709980371
3362151653
3866369732
5384912948
8943613261
7326043255
5257510955
8328766969
9585496041
4078126469
2348259000
5874230825
6925441965
9707072083
9692344351
9154778179
6652966085
7315760393
7455485422
3979715673
4822603693
2877890175
9295021582
7796783611
4129389371
7882729866
2684785364
9963761670
2273846234
2656571567
4433552037
7532507350
3408381967
3664168920
3269578097
5678813404
5829429374
6149098195
6913829258
4499924438
9704557649
8458272855
2048150699
9096318264
3944407287
7022818164
9157723025
3687142737
2728110309
8134226496
7019786019
8232863687
8092888546
9244302082
2517473437
6662165175
9998068730
9964645335
8969271429
5613922067
9938875470
3447843583
7075170900
3662973684
9392009748
2593053841
3027894959
7477495449
5696761642
9144017477
5487948560
2874888742
6279964671
9943437137
7734012472
9888708158
6094130478
4578375020
7735374588
3789995298
4814806482
2429834579
3094434823
5616773213
6713551671
2128127550
9539203627
9508155420
6114599249
9247099077
3624852698
5195064120
8869502256
6353740593
7509157920
5303320969
4419531087
4376135301
7567235224
7208710487
3352549915
6978349041
3769432090
3982814203
8807164528
8002831830
2926392259
2188371800
9479823786
9004912095
6639481606
2875308602
6902634568
5948731035
6345578736
7404512830
2764495770
6185688729
6208002037
2998773041
3482700461
9138122449
8339955174
9359676593
7708217733
5647027152
9818987363
4704377379
5044354952
7808764404
3968733456
5695745035
6286281524
4197325923
7087736376
3532241554
2854509588
9756607410
8387779678
8692138738
8936922232
4406095713
9073610260
3696525893
8129520197
3752095790
7232100963
4292551510
3133770800
8505106105
9357304768
4709505237
5552608169
3432339868
4736261902
9444986795
8433844083
7745874911
2977612412
5127226462
2639780791
6608513617
9546223870
8998093833
6445604594
5607684952
9579277387
9214941000
8955442081
6262884346
7489114999
7177225681
5045679550
6717311555
4374893083
5227243177
3132054380
2438195976
9186875819
5494733566
3824067451
8365135864
4893523856
6392640461
3736515459
2803787215
5176123216
4423058258
4664560127
3845837720
5547822628
9949558836
6062108029
4005787292
8436829535
7492769332
9814692835
4546656315
9304711868
7197019354
5862239419
8662893943
2123102068
3927226755
2567463254
3047013636
9047815568
4993745745
3557678212
2567676835
6842267222
5678665894
9222413625
5894859030
3994196142
8378753899
2145988006
9123957982
4324297518
6105120077
5188298775
2808490447
6572960712
6236580160
9972220199
2864762844
8489293651
8516716715
6759269908
6476104260
5569616470
2268158834
3504975654
2894756194
8415721545
7403946670
2568440953
2039110565
6433072959
4577520479
4775825219
8418834287
8168098428
3292690127
5387370824
2126565514
7029708450
2588259134
5717646304
6927897790
8839979168
8662716247
2386970093
8255696611
4313577152
3039052223
3458587843
3688870708
7152759711
7274366671
4094086531
9783858565
3323939340
2894857768
4759667774
2305133388
8584252445
8006221445
9793656917
9253377491
8152187127
7557354883
5488927295
5419940700
5755678629
4556648210
2086155436
3544133573
5265714442
3073557849
5962262157
9328087654
9135296880
5947874703
4024351584
5968790290
7694669756
4404760497
9772157642
5824381326
4307299071
8095066271
2789807635
8537414522
3556507652
9766959706
8853588165
7095629530
7196315236
5823737687
9302277882
6473042601
8849210460
2157726848
9974574564
6419958869
8489518949
2114143756
3693654520
5416686661
9774091102
6943280828
6894845860
3324825326
3718704933
6483406276
9694184120
5132428364
9549779120
2099605730
5783632835
9613136189
5093597476
2794490204
4474400352
7065986034
8496664259
8255682085
2097203605
2154325068
5816391637
4312345305
2385607279
5452337296
6599174157
7194410180
4837038596
8344536687
3693475471
2624689846
8257117334
4879611948
4942178651
8495516795
8932878764
6984783950
5799811586
7984087167
3355673204
5422805301
6152977698
5344169065
9707631394
9497301647
8539464966
5149414302
8173559362
2233795365
2298703914
3417140214
2754495396
8633945050
3718150761
2689600295
5523560992
8182222186
6233458879
5135787798
2899429494
7807865912
5897808977
8788767235
3626010485
2138338107
9878208689
4006157777
2225929922
8319386100
3919945325
8013239219
8055693720
7609762926
7087529027
7966673439
6226045671
3919800793
2652734856
2132871370
5046449771
7267252156
4335788008
5474444776
6602691975
5854034106
6225169132
9414074632
8734819297
8256745470
8775569217
7488456276
4029223541
8614945252
5944600258
2366560275
6718608226
3855547492
3503582882
2285040793
6012746634
3633179605
4332108817
5687424195
5623070635
9886582242
3063441294
7374670144
7937825363
5916351333
8307814494
2762026538
5015887540
2766274761
5844779112
2775489736
6649657714
3048683858
8032126128
5095460626
5027825075
9844966152
2803520826
8402250314
8557552753
6924640024
8668973265
8512166099
3347687832
2902849806
8672281434
3662678430
8094462166
5193135433
6556110586
3098578586
4426330462
4646051398
2795932312
6385676766
5617241217
6808156243
9366934706
3897665408
2158558095
5109123761
9539782427
3153975058
9428218182
9048705241
7292287086
8304358832
9139261854
6818971177
2005190978
4147543080
5235156262
8863802163
7562109216
3815852247
2509509793
9508944002
9038594669
2083217424
4846310541
2985441107
3607988323
5272451790
2013763781
4358270422
9298521865
3957255035
4172263233
7098172858
7358639102
9383861178
9235091205
8479609478
7099164174
5293743825
7319349434
9406847923
7423321844
2143126588
7814306998
6654692382
9942497061
8482041985
6316095840
4304078938
4124350290
4257975794
9837506205
7114655634
6373024261
3758560563
6763012304
7918643083
4422937852
3674619714
8005115493
2312537384
8622077511
2934167653
5089878905
4516398352
4708466747
4069362258
6462223880
4675780829
9155133166
9436860547
8834359139
5002473387
5262458933
3307163904
7163990130
3846370976
8673644956
9989539871
3532378957
5693238607
3987323445
6687715594
8003889170
9954545286
4234727678
3269386393
5614421249
5587202349
2527116902
3904135178
6232679852
4776051791
5374542409
5709353680
3105834091
9305529864
7062664726
2112434906
9339000005
7174812419
9243701173
7262992001
6582802739
7834897885
5568207172
9854226549
3254949283
7995619927
6348326448
5552174061
3172194368
3377242023
5512537850
7826320246
3985518816
8898086247
2345685033
9865140839
9244351028
8944148041
9503842045
2329619137
7865562720
3822766612
7934586234
7924344168
9419708944
3775007654
3223217574
5276231530
2955604871
2828577065
7285266274
9085135472
6534046745
3102475102
3587531852
9064886521
3078815182
3854485157
3739907973
8289753375
6952302363
2245456137
3006002719
6594055288
8144583634
5034312274
8905995895
6684278327
9719227043
7784646777
5359009426
3529336169
2377362601
9513533832
3337803108
9364041807
3572723517
9783811370
5125935586
5239183794
5888837368
4872241592
4703062909
5357876781
3549920337
6537907823
7282004747
2714033538
8868224281
8105368726
3913750798
6515701160
3117528937
2678415983
7603162713
3942376654
8749811305
9353046978
2708507306
6994922378
9358238513
7475543943
3242932329
8364982102
3846201583
6465029957
3619156824
3694353488
9879372443
6602079069
3995891894
5918358759
9045083143
6204792142
7864082102
5273608680
3603391599
2919002811
8512038877
9824536762
7323017664
3515647663
8418361544
5772384893
6607655923
9864180517
7314648903
3608540068
3416346665
6336603954
5116729914
8117149190
3109603402
5727096570
9918648559
7294600931
3333332228
2644361602
7752521931
9847782473
4862463254
3696191778
4339093543
2233366829
6655971832
2999029238
8696653684
2667913182
6266927800
9467827280
4219047238
8033627514
5774903045
7184313825
3959184611
7633531586
7315993865
8705901015
9663394361
9553569216
2299872229
8264931126
8423159442
3884159080
4037562432
7789441887
3776527624
5023441673
2916571121
5492186261
4739019892
4882080312
2495140521
3506753897
7583637472
9472431891
2544641723
4247912001
6874785962
9379118225
5898705270
9035370389
2199923399
5985224291
2913967635
5182798407
3854184299
4709512502
6338300147
8495363893
2124488606
2987804496
8652570341
6448018485
2099095194
2729918783
3766807836
6349549914
9448404650
7887757855
9178265099
6095537165
6543420757
6362799173
6825817759
8907319926
8334649324
9378589903
4904720077
7962797097
8479105453
7823083752
2199765711
3122042069
3219645220
4234931326
6919108671
4088924626
6766774054
3455918553
7486249832
9249058146
4198381012
5783062430
6526614021
7909576956
6539902193
8194488787
6103882148
6749833908
3678904905
9352799440
3623745541
3923347868
3345049763
8172752695
8187785567
9353173339
9318355872
4976058229
2725835692
6149633945
2855194001
2804904882
3144564739
8025806849
2876600484
4255087459
3619753609
3402278670
4865722346
9688139885
5999240901
7692166820
8722471428
8187721777
7519384382
5613121110
3782080943
5165273539
5125264854
2913063416
3692290663
9385515946
7492046968
9864462746
3033320433
2974699003
6186185203
8788256734
8294614984
6907867737
2869579380
8414532890
2372290635
6222638232
6997264642
8925294713
6036920233
4806705894
7953808211
7243861290
2093365948
3654983234
2426618061
2804783017
6655095639
4335807545
2273734289
4373797248
9813412687
5239223949
8922381175
9693603634
2254931826
5476582596
2669207483
9404293467
6317987087
5084150245
5127934508
9282929344
6925356662
4892032831
3237342871
6652298069
7872887605
5124800489
4574176783
3817376877
7103601449
8002765213
5458044592
2909242827
3839902252
5609520767
4907793906
6467961955
9893293477
6187412383
7909267124
3716239767
8542416923
5995628854
8303246750
2738935382
2469670757
8129345957
5557334253
6104765503
2248430384
4408289270
7112149406
8223093762
9707648898
9898212228
3059405912
4739778407
6738850040
4084504313
9589261787
6636499503
7397199095
4033443054
8004194200
7886024932
7419251865
3906424324
6678589903
6306271103
9558993142
5624950725
3599678142
4929941475
3216539069
6679855195
7696371682
2636317585
4704831292
3383132656
4502291012
3557657339
8717861468
4536900158
7075148359
4268441287
3768778602
5363648765
5595115393
4516566155
2079361750
8473355271
4775559277
4106809697
9995407667
8004322110
2178188493
9072424814
2452488774
8407763201
5909817277
3672166833
2434471635
2266867919
6817309380
5759514416
3183139433
3676463076
8914857955
6722999840
9355891680
9179843855
7645119170
5672282978
9518020606
3378634165
5212783985
3682185315
5449150591
2596093203
7307837965
4754112964
5803195846
7127869658
2453190682
3076820673
7769615584
5002110320
2339152607
4189333919
7325614899
9615245010
6356746007